1110111111111
10000000011
10000000011
10000000011
10000000011
10000000011
10000000011
10000000011
10000000011
10000000011
10000000011
10000000011
10000000011
10000000011
10000000011
10000000011
10000000011
10000000011
10000000011
10000000011
10000000011
10000000011
10000000011
10000000011
10000000011
10000000011
10000000011
10000000011
10000000011
10000000011
10000000011
10000000011
10000000011
10000000011
10000000011
10000000011
10000000011
10000000011
10000000011
10000000011
10000000011
10000000011
10000000011
10000000011
10000000011
10000000011
10000000011
10000000011
10000000011
10000000011
10000000011
10000000011
10000000011
10000000011
10000000011
10000000011
10000000011
10000000011
10000000011
10000000011
10000000011
10000000011
10000000011
10000000011
10000000011
10000000011
10000000011
10000000011
10000000011
10000000011
10000000011
10000000011
10000000011
10000000011
10000000011
10000000011
10000000011
10000000011
10000000011
10000000011
10000000011
10000000011
10000000011
10000000011
10000000011
10000000011
10000000011
10000000011
10000000011
10000000011
10000000011
10000000011
10000000011
10000000011
10000000011
10000000011
10000000011
10000000011
10000000011
10000000011
10000000011
10000000011
10000000011
10000000011
10000000011
10000000011
10000000011
10000000011
10000000011
10000000011
10000000011
10000000011
10000000011
10000000011
10000000011
10000000011
10000000011
10000000011
10000000011
10000000011
10000000011
10000000011
10000000011
10000000011
10000000011
10000000011
10000000011
10000000011
10000000011
10000000011
10000000011
10000000011
10000000011
10000000011
10000000011
10000000011
10000000011
10000000011
10000000011
10000000011
10000000011
10000000011
10000000011
10000000011
10000000011
10000000011
10000000011
10000000011
10000000011
10000000011
10000000000
10000000000
00000000000
00000000000
00000000000
00000000000
00000000000
00000000000
00000000000
00000000000
10000000000
10000000000
10000000000
10000000000
10000000000
10000000000
10000000000
10000000000
10000000000
10000000000
10000000000
10000000000
10000000000
10000000000
10000000000
10000000000
10000000000
10000000000
10000000000
10000000000
10000000000
10000000000
10010000100
10010010100
10010011111
10010100010
10010101001
10010100010
10010010000
10010010101
10010100001
10010101000
10010110010
10010111000
10010111110
10011000010
10011001001
10011001000
10010111111
10010111110
10010111001
10010110011
10010101010
10010100110
10010101100
10010110000
10010101101
10010101111
10011001000
10011000111
10010111001
10010110000
10010100111
10010100001
10010011011
10010010010
10010000011
10010001111
10010010000
10010000011
10000000000
10000000000
10000000000
10000000000
10000000000
10000000000
10000000000
10000000000
10000000000
10000000000
10000000000
10000000000
00000000000
00000000000
00000000000
00000000000
00000000000
00000000000
00000000000
00000000000
00000000000
00000000000
00000000000
00000000000
00000000000
00000000000
00010010010
00010001100
00010010000
00010001101
00010011001
00010011000
00010010001
00000000000
00010001001
00000000000
00010001001
00010000000
00000000000
00000000000
00000000000
00000000000
00000000000
00000000000
00000000000
00000000000
00000000000
00000000000
00000000000
00000000000
00000000000
00000000000
00000000000
00000000000
00000000000
00000000000
00000000000
00000000000
00000000000
00000000000
00000000000
00000000000
00000000000
00000000000
00000000000
00000000000
00000000000
00000000000
00000000000
00000000000
00000000000
00000000000
00010000110
00010001001
00010000011
00000000000
00000000000
00000000000
00000000000
00000000000
10000000000
10000000000
00000000000
10000000000
00000000000
10000000000
00000000000
10000000000
10000000000
10000000000
10000000000
10010000111
10000000000
10010000101
10010100100
10010101111
10010100100
10010010110
10000000000
10010000110
10000000000
10000000000
10000000000
10000000000
10010010101
10010010000
10010000101
10000000000
10000000000
10000000000
10000000000
10000000000
10000000000
10000000000
10000000000
10000000000
10000000000
10000000000
10000000000
10000000000
00000000000
00000000000
00000000000
00000000000
00000000000
00000000000
00000000000
00000000000
00000000000
00000000000
00000000000
00000000000
00000000000
00010001000
00010001111
00010010000
00010110100
00010110011
00010011010
00010010010
00000000000
00000000000
00000000000
00000000000
00000000000
00000000000
00010001000
00010001110
00010100011
00010100110
00010011011
00010001101
00000000000
00000000000
00000000000
00000000000
00000000000
00000000000
00000000000
00000000000
00000000000
00000000000
00000000000
00000000000
00000000000
00000000000
00000000000
10000000000
00000000000
00000000000
10000000000
10000000000
10000000000
10000000000
10000000000
10000000000
10000000000
10000000000
10000000000
10000000000
10000000000
10000000000
10000000000
10000000000
10000000000
10000000000
10010001000
10010001000
10010010100
10010000110
10000000000
10000000000
10000000000
10000000000
10000000000
10000000000
10000000000
10000000000
10000000000
10000000000
10000000000
10000000000
10000000000
10000000000
10000000000
10000000000
10000000000
10000000000
10000000000
10000000000
10000000000
10000000000
10000000000
10000000000
10000000000
10000000000
10000000000
00000000000
10000000000
10000000000
10000000000
10000000000
10000000000
10000000000
10000000000
10000000000
10000000000
10000000000
10000000000
10000000000
10000000000
10000000000
10000000000
10000000000
10000000000
10000000000
10000000000
10000000000
10000000000
10000000000
10000000000
10000000000
10000000000
10000000000
10010000101
10000000000
10000000000
10000000000
10000000000
10000000000
10000000000
10000000000
10000000000
10000000000
10000000000
10000000000
10000000000
00000000000
00000000000
00000000000
00000000000
00000000000
00000000000
00000000000
00010001100
00010011101
00010000101
00010010100
00010011000
00010011110
00010101100
00010111011
00011001010
00011011001
00011011111
00011110010
00011111001
00011110101
00011010101
00011001000
00010010010
00010000011
00000000000
00000000000
00000000000
00000000000
00000000000
00010000011
00010010111
00010010100
00000000000
00000000000
00000000000
00000000000
10000000000
10000000000
10000000000
10000000000
10000000000
10000000000
00000000000
00000000000
00000000000
00000000000
10000000000
10000000000
10000000000
10000000000
10000000000
10000000000
10000000000
10000000000
10000000000
10000000000
10000000000
10000000000
10000000000
10000000000
10000000000
10000000000
10000000000
10000000000
10000000000
10000000000
10000000000
10000000000
10000000000
10000000000
10000000000
10000000000
10000000000
10000000000
10000000000
10000000000
10000000000
10000000000
10000000000
10000000000
10000000000
10000000000
10000000000
10000000000
10000000000
10000000000
10000000000
10000000000
10000000000
10000000000
10000000000
10000000000
10000000000
10000000000
10000000000
10000000000
10000000000
10000000000
10000000000
10000000000
10000000000
10000000000
10000000000
10000000000
00000000000
10000000000
10000000000
10000000000
00000000000
00000000000
10000000000
00000000000
00000000000
00000000000
00000000000
00000000000
10000000000
10000000000
10000000000
10000000000
10000000000
10000000000
10000000000
00000000000
00000000000
00000000000
00000000000
00000000000
00000000000
00000000000
00000000000
00000000000
00000000000
00000000000
00000000000
00000000000
00000000000
00000000000
00000000000
00000000000
00000000000
00000000000
00000000000
00000000000
00000000000
00000000000
00000000000
00010000010
00010000001
00010000001
00000000000
00000000000
00000000000
00000000000
00000000000
00000000000
00000000000
00000000000
00000000000
00000000000
00000000000
00000000000
00000000000
00000000000
00000000000
00000000000
00000000000
00000000000
00000000000
00000000000
00000000000
00000000000
00000000000
00000000000
00000000000
10000000000
10000000000
10000000000
10000000000
10000000000
10000000000
10000000000
10000000000
10000000000
10000000000
10000000000
10000000000
10000000000
10000000000
10000000000
10000000000
10000000000
10000000000
10000000000
10000000000
10000000000
10000000000
10000000000
10000000000
10000000000
10000000000
10000000000
10000000000
10000000000
10000000000
10000000000
10000000000
10000000000
10000000000
10000000000
00000000000
00000000000
10000000000
10000000000
10000000000
00000000000
00000000000
00000000000
00000000000
00000000000
00000000000
00000000000
10000000000
10000000000
10000000000
10000000000
10000000000
10000000000
10000000000
10000000000
10000000000
10000000000
10000000000
10000000000
10000000000
10000000000
10000000000
10000000000
10000000000
10000000000
10000000000
10000000000
10000000000
10000000000
10000000000
10000000000
10000000000
10000000000
10000000000
10000000000
10000000000
10000000000
10000000000
10000000000
10000000000
10000000000
00000000000
00000000000
10000000000
10000000000
00000000000
00000000000
00000000000
00000000000
00000000000
00000000000
00000000000
00000000000
00000000000
00000000000
00000000000
00000000000
00000000000
00000000000
00000000000
00000000000
00000000000
00000000000
00000000000
00010000111
00010000101
00000000000
00000000000
00000000000
00000000000
00000000000
00000000000
00000000000
00000000000
00000000000
00000000000
00000000000
00000000000
00000000000
00000000000
00000000000
00000000000
00000000000
00000000000
00000000000
10000000000
10000000000
10000000000
10000000000
10000000000
10000000000
10000000000
10000000000
10000000000
10000000000
10000000000
10010000011
10000000000
10010011101
10010000111
10010010100
10010101010
10010101000
10010111101
10011010001
10010110111
10011001010
10010110100
10010101001
10010100000
10010010011
10010000100
10010001010
10000000000
10000000000
10000000000
10000000000
10000000000
10000000000
10000000000
10000000000
10000000000
10000000000
10000000000
10000000000
10000000000
00000000000
00000000000
00000000000
00000000000
00000000000
00000000000
00000000000
00000000000
00000000000
00000000000
00010001101
00000000000
00000000000
00000000000
00000000000
00010000101
00010010000
00010001001
00010100101
00010011110
00010100101
00010011110
00010010001
00010010000
00010010100
00000000000
00000000000
00000000000
00000000000
00000000000
00000000000
00000000000
00000000000
00000000000
00000000000
00000000000
00000000000
00000000000
00000000000
00000000000
00000000000
00000000000
00000000000
00000000000
00000000000
00000000000
00000000000
00000000000
00000000000
00000000000
00000000000
00000000000
00000000000
00000000000
00000000000
00000000000
00000000000
00000000000
00000000000
00000000000
00000000000
00000000000
00000000000
00000000000
00000000000
00000000000
00000000000
00000000000
00000000000
00000000000
00000000000
00000000000
00000000000
00000000000
00010000001
00000000000
00000000000
00010001001
00010001100
00010000001
00000000000
00000000000
00000000000
00000000000
00000000000
00000000000
00000000000
00000000000
00000000000
00000000000
00000000000
00000000000
00000000000
00000000000
10000000000
10000000000
10000000000
10000000000
10000000000
10000000000
10000000000
10000000000
10000000000
10000000000
10000000000
10000000000
10000000000
10000000000
10010000001
10010011011
10010101100
10010001100
10010000011
10010100000
10010101001
10010100111
10010101000
10010101001
10010111101
10011000010
10010111101
10010101000
10010011110
10010010011
10010011111
10010000001
10010010001
10010000100
10010001100
10010101100
10010111000
10010100000
10010010001
10000000000
10000000000
10000000000
10000000000
10000000000
00000000000
00000000000
10000000000
00000000000
00000000000
00000000000
00000000000
10000000000
10000000000
00000000000
00000000000
00000000000
00000000000
00000000000
00000000000
00000000000
00000000000
00000000000
00000000000
00000000000
00000000000
00000000000
00000000000
00000000000
00000000000
00000000000
10000000000
10000000000
10000000000
10000000000
10000000000
10000000000
10000000000
10000000000
10000000000
10000000000
10000000000
10000000000
10000000000
10000000000
10000000000
10000000000
10000000000
10000000000
10000000000
10000000000
10000000000
10000000000
10000000000
10000000000
10000000000
10000000000
10000000000
10000000000
10000000000
10000000000
10000000000
00000000000
00000000000
00000000000
00000000000
00000000000
00000000000
00000000000
00000000000
00000000000
00000000000
00000000000
00000000000
00000000000
00000000000
00000000000
00000000000
00000000000
00000000000
00000000000
10000000000
10000000000
10000000000
10000000000
10000000000
10000000000
10000000000
10000000000
10000000000
10000000000
10000000000
10000000000
10000000000
10000000000
10000000000
10000000000
10000000000
10000000000
10000000000
10000000000
10000000000
10000000000
10000000000
10000000000
10000000000
10000000000
10000000000
10000000000
10000000000
10000000000
10000000000
10000000000
10000000000
10000000000
00000000000
00000000000
00000000000
00000000000
00000000000
00000000000
00000000000
00000000000
00000000000
00000000000
00000000000
00000000000
00000000000
00000000000
