01000001111111111110000000000000
01101000010111100000000000000110
01101000110111100000000000000010
01101001110111100000000000000000
10010011010000000000000000001010
01000001111111111110000000000000
01000001111111111110000000000000
01000001111111111110000000000000
01000001111111111110000000000000
01101000010111100000000000000000
01101000011111100000000000000000
01000001111111111110000000000000
01000001111111111110000000000000
01000001111111111110000000000000
01000001111111111110000000000000
01000000111111000110000000000000
01101001110111100000000000000001
01101000110111100000000000000110
